1 0.77460 0.58378 0.15824 0.14362
1 0.82148 0.39594 0.13098 0.12832
1 0.69681 0.35505 0.14096 0.11702
1 0.66523 0.44548 0.14694 0.12500
1 0.55552 0.50233 0.12965 0.13231
1 0.42187 0.45878 0.13098 0.14096
1 0.53590 0.40359 0.13431 0.11436
1 0.54987 0.29987 0.12234 0.11569
1 0.33544 0.55452 0.15093 0.15027
1 0.23172 0.65658 0.15625 0.14827
1 0.23471 0.49335 0.14229 0.13032
1 0.32015 0.40991 0.12434 0.12035
1 0.20944 0.37965 0.13431 0.12766
1 0.43351 0.34475 0.12899 0.11769
1 0.10239 0.45977 0.13830 0.13896